The SPEECHCOMMANDS_mnasnet_small_checkpoint.ckpt is used the following parameters to train.

python main.py --mode train --data_path data/ --predefined_dataset SPEECHCOMMANDS --classes None --sample_rate None --max_waveform_length None --backbone_model mnasnet_small --batch_size 512 --num_workers 5 --cutoff_freq 51,1915 --filter_type None --lr 0.014207324544320521 --lr_scheduler CosineAnnealingLR --step_size 4 --train_iter 44

The SPEECHCOMMANDS_mnasnet_small_checkpoint.ckpt training result is the following.

the train dataset confusion matrix:
          backward   bed  bird   cat   dog  down  eight  five  follow  forward  four    go  happy  house  learn  left  marvin  nine    no   off    on   one  right  seven  sheila   six  stop  three  tree   two    up  visual   wow   yes  zero
backward      1213    11     6     5     0     8      2     7       1        5     4     5      3      0      2    10       9     0     2     1     0     2      8      1       0     1     1      1     0     8    24       2     4     0     0
bed             22  1351    20    11     2     8     28     6       0        1     0    21      2      0      1    23       1    11     8     1     5     8      9      2       0     3     2      1     1    10    24       5     5     1     1
bird            11    46  1444     3    13     7      8     8       0        2     6    29      0      0      8     3      12    12     8     3     7     6      9      0       0     0     0      8     0    14    17       4     4     5     0
cat              3     8     0  1482     2     8     10     8       2        0     1    18     10      2      0     7       1     2     1     9     1     2      3      1       1     5     2      1     1    22    36       0     1     7     0
dog              4    13    12    13  1424    77      0     8       0        2     5    50      0      0      0     2       3     5    17     5    15     8      2      2       0     0     6      0     0    12    19       1     4     0     2
down             6    12     2    21    35  2800      2     6       1        0     1    61      3      1      3     3       2    27    36     4    23    13      2      3       0     0     3      3     0    11    26       2    14     4     4
eight            1    17     0    11     0     1   2802     1       1        0     2    10      8      3      0    10       0     5     2     4     8     6     11      0       1     6     1     18     3    26    57       6     1     9     2
five             9    11     3    11     1     4      5  2974      28        1    21     4      6      6      1     2       3    15     2    10    17     8     28      6       2     3     4      8     3    13    24       1     4     1     1
follow           1     1     0     2     1     8      2    41     998       55    47    12      1      4      0     0       2     1     3     6    18     6      3      4       3     2     1      5     1    14    17       2     7     1     6
forward          2     0     7     2     2     1      0    15      55      961   133     3      0      0      2     2       4     1     0     5     8    14      0      4       0     0     1     10     0     6    13       1     2     0     2
four             1     1     5     1     0     0      4    31      28       80  2650    24      1      3      3     3       1     0     1    13     7    11      3      5       4     4     6     15     2    21    18       1     2     0     6
go               4     8     9     6    19    63      5     3       5        3    12  2730      1      2      0     1       2     4    68     3    13    21      6      1       0     1     4      7     0    38    43       4    16     1     3
happy            3     2     2    26     0     0      2     6       1        1     1     5   1516      7      0     2       2     2     0     1     1     0      2      1       1     4     1      3     4    12    23       1     0     0     0
house            0     0     1     3     2     1      3     8       5        0     0     4     33   1571      1     0       1     3     3    26     5     0      3      0       0     1     1      0     0     6    27       1     2    16     0
learn            2     3    11     0    10    13      1     2       0        3     4    15      0      0   1000    46       4    41    17     1     6    53      4      1       0     1     3      0     0    10    12       5     6     9     3
left             8    12     1     8     0     2      6     6       0        0     2    15      1      0     13  2772       8    11    10    12     4    31     37      0       1     1     0      0     0    11    29       3    10    23     0
marvin           6     3     5     1     1     1      1     6       1        2     0     4      2      2      1     6    1548    36     7     3     5    19      8      3       0     0     2      1     0     4    21       1     9     0     1
nine             5     9     9     1     2    17      1    16       2        0     1     7      3      1     16     7      13  2904    42     2    11    35     27      1       0     0     0      6     0     6    13       2     7     3     1
no               1     4     1     0     6    36      3     3       2        0     3   107      1      0     14    13      11   111  2661     4     1    32      4      0       0     0     5      2     1    11    40       3    33    14     3
off              1     2     2     2     1     0      7    10       5        3     7    11      3      4      1     8       1     2     2  2685    57     6      0      1       0     0     1      1     0    22   116       2     3     4     0
on               0     7     6     2     4     8      3    38       5        4    12    13      3      2      3     1       3    21     3    73  2715    63      2      1       0     0     1      5     0    17    64       0     6     0     1
one              6     7     2     3     1     5      4    10       2        0     8     4      2      0     14    10      16    28    15     6    41  2847     18      0       0     0     3      1     0     8    22       0    56     1     0
right            3     7     6     2     1     2     17    24       1        1     1     9      1      1      3    13       7    34     7     1     1    25   2777      0       1     1     1     11     2    11    30       2    14     0     2
seven            1     1     0     4     1     7      1    11       4        2     9     5      4      1      0     2       2     0     0     3     4     2      0   2991       9    34    35     15     2    16    16       1     0     1    21
sheila           0     1     0     8     0     0      0     5       2        4     5     2      0      2      0     5       0     0     1     0     0     0      0      9    1478     7     7      2     9    19    12       1     0     1    26
six              0     1     0     2     0     0      7     3       1        0     6     1      3      2      0     2       0     0     1     4     0     0      2     33       7  2945    13      6     0    16    11       6     0     5    11
stop             0     1     0     5     5     3      1     8       3        1     9     9      0      0      0     1       0     1     0     6     2     1      0     19       5    16  2954      4     0    14    33       3     4     2     1
three            1     5     3     8     0     0     15     7       0        2     9    12      4      0      0     3       0     5     2     2     2     8     11      9       2     4     2   2655    90    64    24      12     0     0     5
tree             0     1     1     6     0     0      6     1       0        0     2     5      2      0      0     0       0     2     0     0     1     0      1      2       3     3     0    154  1143    45    22       4     0     2     1
two              1     2     0    19     1     9      6     3       2        1    14    32      0      2      0     0       1     1     3     2     9     4      1      1       3     3     4     31     7  2901    26       1     0     5    16
up               2     6     1    19     1     4     19    10       6        0     3    21     13      9      0    14       2     1     2    86    28     4      2      0       0     3    13      3     0    19  2654       0     3     0     0
visual           3     9     2     0     1     1      3     1       2        1     0     3      2      0      0     3       1     2     8     0     0     1      2      1       2     3     2      6     0     7     9    1184     1    11    17
wow              2     5     0     3     2     4      1     2       4        0     1    24      1      2      1     3       4    10    14     5     3    82      9      0       0     0     2      0     0     9    12       1  1517     0     1
yes              0     4     1     5     2     5      1     1       0        0     1     5      1      5      1    42       0     2    10    14     0     7      2      1       1     6     2      1     0    12    18      11     2  3060     5
zero             0     1     2     0     0     7      0     1       6        0     8    22      0      0      6     5       0     2     6     0     1     2      0     20      17    15     6      7     1    34    15      18     0     9  3039
--------------------------------------------------------------------------------
test accuracy: 0.8998809999012085, test loss: 0.32303398739860717
--------------------------------------------------------------------------------

test the val dataset
the val dataset confusion matrix:
LOCAL_RANK: 0 - CUDA_VISIBLE_DEVICES: [0]
            backward  bed  bird  cat  dog  down  eight  five  follow  forward  four   go  happy  house  learn  left  marvin  nine   no  off   on  one  right  seven  sheila  six  stop  three  tree  two   up  visual  wow  yes  zero
backward         143    5     0    0    1     0      0     0       0        0     0    0      1      0      0     0       0     0    0    0    0    0      0      0       0    0     0      0     0    1    1       0    0    0     1
bed                4  197     2    0    0     1      3     1       0        0     0    0      0      0      0     2       0     0    0    0    0    0      0      0       0    1     0      0     0    0    1       1    0    0     0
bird               2    6   166    0    3     0      0     0       0        0     0    0      0      0      0     2       1     1    0    0    0    0      0      0       0    0     0      0     0    0    0       0    0    1     0
cat                0    0     0  178    0     0      0     0       0        0     0    0      0      0      0     0       0     0    0    0    0    0      0      1       0    1     0      0     0    0    0       0    0    0     0
dog                0    0     0    0  190     1      0     0       0        0     1    2      0      0      0     0       0     0    1    0    0    1      0      0       0    0     1      0     0    0    0       0    0    0     0
down               0    1     0    0    5   360      0     0       0        0     0    4      0      0      0     0       0     2    3    0    0    0      0      1       0    0     1      0     0    0    0       0    0    0     0
eight              0    0     0    0    0     0    339     0       0        0     0    0      0      4      0     0       0     0    0    0    0    0      1      0       0    0     0      1     0    0    0       0    0    0     1
five               0    0     0    0    1     0      0   356       1        1     0    0      1      0      0     0       1     0    0    1    1    0      2      0       0    0     0      0     0    0    2       0    0    0     0
follow             0    0     0    0    1     0      0     3     123        0     2    0      0      0      0     0       0     0    0    1    2    0      0      0       0    0     0      0     0    0    0       0    0    0     0
forward            0    0     2    0    0     0      0     0       3      129    12    0      0      0      0     0       0     0    0    0    0    0      0      0       0    0     0      0     0    0    0       0    0    0     0
four               0    0     0    0    0     0      0     0       2        0   365    0      0      0      0     0       0     0    0    1    0    2      0      0       0    0     0      0     0    3    0       0    0    0     0
go                 0    1     0    2    1     2      0     0       0        0     2  355      0      0      0     0       0     0    5    0    0    1      0      0       0    0     0      0     0    0    3       0    0    0     0
happy              0    0     0    0    0     0      0     0       0        0     0    0    210      1      0     0       0     0    0    0    0    0      0      0       0    1     0      1     0    1    5       0    0    0     0
house              0    0     0    0    0     0      0     0       0        0     0    0      0    190      0     0       0     0    0    1    0    0      0      0       0    0     0      0     0    0    3       0    0    1     0
learn              0    0     1    0    0     0      0     0       0        0     0    0      0      0    113     9       0     3    1    0    0    0      0      0       0    0     0      0     0    0    0       0    0    1     0
left               0    0     0    0    0     0      0     0       0        0     0    0      0      0      1   342       0     2    1    0    0    0      1      0       0    0     0      0     0    0    1       0    0    3     1
marvin             1    1     0    0    0     0      0     1       0        0     0    0      2      0      0     0     183     1    0    2    0    1      0      0       0    0     0      0     0    0    1       0    2    0     0
nine               1    1     0    0    0     0      0     0       0        0     0    0      0      0      0     0       0   348    0    0    2    2      0      0       0    0     0      2     0    0    0       0    0    0     0
no                 0    1     3    0    2     2      0     0       0        0     2    7      0      1      1     1       1     5  373    0    0    0      0      0       0    0     1      0     0    2    4       0    0    0     0
off                0    1     0    0    0     0      0     0       0        0     0    0      0      1      0     0       0     0    0  353    2    1      0      0       0    0     0      0     0    1   14       0    0    0     0
on                 0    0     0    0    0     0      0     1       0        0     3    0      0      0      0     1       0     0    0    5  339    6      0      0       0    0     0      0     0    2    6       0    0    0     0
one                0    1     0    0    0     0      0     0       0        0     1    0      0      0      0     2       1     0    1    1    2  338      1      0       0    0     0      0     0    1    1       0    1    0     0
right              0    0     1    0    0     0      0     0       0        0     0    0      0      0      0     1       0     1    0    0    0    0    358      0       0    0     0      1     0    0    1       0    0    0     0
seven              0    0     0    0    0     0      0     0       0        0     0    0      0      0      2     0       0     0    0    0    0    0      0    383       0    1     1      0     0    0    0       0    0    0     0
sheila             0    0     0    1    0     0      0     1       0        0     0    0      1      0      0     0       0     0    0    0    0    0      0      1     194    3     0      0     1    1    1       0    0    0     0
six                0    0     0    0    0     0      0     0       0        0     0    0      0      0      0     0       0     0    0    0    0    0      0      1       0  371     2      2     0    0    0       0    0    0     2
stop               0    0     0    0    0     0      0     0       0        0     1    0      0      0      0     0       0     0    0    0    0    0      0      1       1    0   345      0     0    1    1       0    0    0     0
three              0    0     0    0    0     0      1     0       0        0     0    0      0      0      0     0       0     0    0    0    0    0      1      0       0    0     0    337     7    8    1       1    0    0     0
tree               0    0     0    0    0     0      0     0       0        0     0    0      0      0      0     0       0     0    0    0    0    0      0      0       0    0     0     14   145    0    0       0    0    0     0
two                0    0     0    1    0     0      1     0       0        0     0    4      0      0      0     0       0     0    1    0    0    0      0      0       0    0     0      0     2  335    1       0    0    0     0
up                 0    0     0    1    0     0      0     1       0        0     0    1      0      0      0     3       0     0    0   12    0    0      0      0       0    0     1      0     0    0  331       0    0    0     0
visual             0    1     1    0    0     0      0     0       0        0     0    0      0      0      0     0       0     0    2    0    0    0      0      0       0    0     0      1     0    0    0     133    0    0     1
wow                0    0     0    0    0     0      0     0       0        0     1    1      0      0      0     0       0     0    0    0    0    5      0      0       0    0     0      0     0    0    0       0  184    1     1
yes                0    0     0    1    0     0      0     0       0        0     0    1      0      0      1     1       0     0    0    0    0    0      0      0       0    2     0      0     0    0    0       1    0  390     0
zero               0    0     0    0    0     0      0     0       0        0     0    0      0      0      0     0       0     0    0    0    0    0      0      0       0    1     0      1     0    1    1       3    0    0   377
--------------------------------------------------------------------------------
test accuracy: 0.9593564718961716, test loss: 0.13266513496637344
--------------------------------------------------------------------------------

test the test dataset
the test dataset confusion matrix:
LOCAL_RANK: 0 - CUDA_VISIBLE_DEVICES: [0]
            backward  bed  bird  cat  dog  down  eight  five  follow  forward  four   go  happy  house  learn  left  marvin  nine   no  off   on  one  right  seven  sheila  six  stop  three  tree  two   up  visual  wow  yes  zero
backward         162    1     0    0    0     0      0     0       0        0     0    0      0      0      0     1       0     0    0    0    0    1      0      0       0    0     0      0     0    0    0       0    0    0     0
bed                4  186     2    1    0     1      1     0       0        0     0    0      0      0      0     3       0     1    2    0    0    0      1      0       0    2     0      0     0    1    1       1    0    0     0
bird               2    4   170    0    0     0      0     2       0        0     1    1      0      0      1     1       0     0    0    0    0    0      1      0       0    0     0      0     0    1    0       1    0    0     0
cat                0    1     0  183    0     2      0     0       0        0     1    1      1      0      0     0       0     0    0    0    0    0      1      0       0    0     0      1     0    1    1       0    0    1     0
dog                1    1     1    0  207     1      0     0       0        0     0    3      0      0      1     0       0     0    1    0    1    0      0      0       0    0     0      0     0    0    3       0    0    0     0
down               1    2     0    0    5   374      0     0       0        0     0    9      0      0      1     0       0     2    8    0    0    0      0      0       0    0     0      1     0    1    2       0    0    0     0
eight              0    0     0    1    0     0    400     0       0        0     0    0      1      0      0     0       0     0    0    0    0    0      1      0       0    1     0      0     0    2    1       1    0    0     0
five               1    0     0    0    0     0      0   436       1        0     0    0      0      0      0     1       0     0    0    2    0    0      1      0       0    0     0      1     0    0    0       0    2    0     0
follow             0    0     0    0    0     0      0     4     148        8     5    1      0      0      0     0       0     0    0    0    1    1      1      1       0    0     0      1     0    0    0       0    1    0     0
forward            0    0     1    0    0     0      0     0       5      128    19    0      0      1      0     0       0     0    0    0    0    0      0      0       0    0     0      0     0    0    1       0    0    0     0
four               0    0     0    0    0     0      0     1       5        5   381    2      0      0      0     0       0     0    0    0    0    1      0      0       0    0     2      1     0    2    0       0    0    0     0
go                 0    0     0    1    3     1      0     0       0        0     3  384      0      0      0     1       0     0    3    0    0    1      0      0       0    0     0      0     0    1    2       0    2    0     0
happy              0    0     0    5    0     0      1     0       0        0     0    1    193      0      0     0       0     0    0    0    0    0      0      0       0    1     0      0     0    0    2       0    0    0     0
house              0    0     0    1    0     1      0     0       0        0     0    0      0    182      0     0       0     0    0    5    0    0      1      0       0    0     0      0     0    0    1       0    0    0     0
learn              0    1     3    0    0     0      0     0       0        0     2    1      0      0    132    13       0     2    2    0    0    1      0      0       0    0     0      0     0    1    0       0    0    3     0
left               0    0     0    0    0     0      0     0       0        0     0    0      0      0      1   405       0     1    0    0    0    0      0      0       0    0     0      1     0    1    1       1    0    1     0
marvin             0    0     0    0    0     0      0     0       0        0     0    0      0      0      2     0     188     1    0    0    0    0      0      0       0    0     0      0     0    0    1       2    1    0     0
nine               1    0     0    0    0     0      0     4       0        0     0    0      0      0      1     3       0   393    3    0    0    1      2      0       0    0     0      0     0    0    0       0    0    0     0
no                 0    1     0    0    0     3      0     0       0        0     0   10      0      0      0     3       0     3  382    0    0    1      0      0       0    0     1      0     0    0    0       0    0    1     0
off                0    0     0    0    0     0      0     0       0        0     1    0      0      2      0     0       0     1    0  385    2    0      0      0       0    0     0      0     0    0   11       0    0    0     0
on                 0    1     0    0    1     4      1     3       0        0     0    0      0      0      0     0       0     0    0    6  370    5      0      0       0    0     0      1     0    1    3       0    0    0     0
one                0    0     0    0    0     0      0     2       1        0     1    1      0      0      0     1       0     2    0    0    0  386      1      0       0    0     0      0     0    1    0       0    2    0     1
right              0    1     0    0    0     0      1     4       0        0     0    0      1      0      0     1       0     0    0    0    0    0    386      0       0    0     0      1     0    0    1       0    0    0     0
seven              0    0     0    0    0     0      0     0       0        0     0    0      0      0      0     0       0     0    0    0    0    0      0    398       0    5     0      1     0    0    0       0    0    0     2
sheila             0    0     1    1    0     0      1     0       0        0     0    0      0      0      0     0       0     0    0    0    0    0      0      0     206    1     0      0     0    0    1       0    0    0     1
six                0    0     0    0    0     0      0     0       0        0     0    0      0      0      0     0       0     0    0    0    0    0      0      1       2  388     0      2     0    0    1       0    0    0     0
stop               0    0     0    0    0     0      0     0       0        0     0    0      0      0      0     0       0     0    0    0    0    0      0      0       0    0   411      0     0    0    0       0    0    0     0
three              0    1     0    0    0     0      3     0       0        0     0    0      0      0      0     0       0     0    0    0    0    0      0      0       0    1     0    392     5    3    0       0    0    0     0
tree               0    0     0    0    0     0      0     0       0        0     0    0      1      0      0     0       0     0    1    0    0    0      0      0       0    0     0     18   163    8    1       1    0    0     0
two                0    0     0    1    1     0      1     0       0        0     0    3      0      0      0     0       0     0    0    0    0    0      0      0       0    0     0      0     0  417    0       0    0    0     1
up                 0    0     0    0    0     0      0     0       2        0     0    1      2      1      0     0       0     0    0    3    2    0      0      0       0    0     2      0     0    1  411       0    0    0     0
visual             0    0     0    0    0     0      0     0       0        0     1    0      0      0      0     1       0     0    0    0    0    0      0      0       0    0     0      0     0    0    0     161    0    0     2
wow                0    0     0    0    0     0      0     0       0        0     1    2      0      0      0     0       1     1    3    0    0    5      2      0       0    0     0      0     0    0    0       0  191    0     0
yes                0    0     0    1    0     0      0     0       0        0     0    0      0      0      0     0       0     0    0    0    0    0      0      1       0    0     0      0     0    0    0       0    0  415     2
zero               0    0     0    0    0     0      0     0       0        0     0    0      0      0      0     0       0     0    1    0    0    1      0      1       4    1     0      0     0    3    1       3    0    0   403
--------------------------------------------------------------------------------
test accuracy: 0.9554037641395222, test loss: 0.1363743453879248
--------------------------------------------------------------------------------