The SPEECHCOMMANDS_mnasnet_small_checkpoint.ckpt is used the following parameters to train.

python main.py --mode train --data_path data/ --predefined_dataset SPEECHCOMMANDS --classes None --sample_rate None --max_waveform_length None --backbone_model mnasnet_small --batch_size 128 --loss_function CrossEntropyLoss --cutoff_freq 349,1363 --filter_type lowpass --lr 0.0030732191298321917 --lr_scheduler StepLR --step_size 9 --train_iter 106

The SPEECHCOMMANDS_mnasnet_small_checkpoint.ckpt training result is the following.

the train dataset confusion matrix:
          backward   bed  bird   cat   dog  down  eight  five  follow  forward  four    go  happy  house  learn  left  marvin  nine    no   off    on   one  right  seven  sheila   six  stop  three  tree   two    up  visual   wow   yes  zero
backward      1235    16     2     3     1     6      2     7       1        2     3     7      7      0      1     4       1     1     3     0     0     5      4      3       1     0     5      1     0     1    17       6     1     0     0
bed              8  1399    25     5     9     9     18     7       0        0     3    12      2      0      0     8       1     1    11     2     5     4     12      1       1     1     0      6     0     0    31       8     2     3     0
bird             4    37  1528     1     7     7      6     6       0        4     4    18      0      0      2     1       3     1     3     1     3    11      9      0       0     2     1      6     1     5    13       6     1     5     1
cat              1     5     0  1525     2     8      9     1       1        0     4    10      9      1      1     2       0     2     1     4     0     0      0      0       5     2     1      1     0    13    46       0     0     3     0
dog              0    15    10    14  1502    33      2     3       0        1     5    41      0      0      0     1       1     3    16     7     4     5      8      0       0     0     2      2     0     7    25       2     2     0     0
down             1    11     3    11    37  2848      3     4       0        0     6    52      0      4      4     5       1    12    34     4    13    13      1      5       0     1     3      8     1     9    30       1     6     1     2
eight            2     7     3    10     0     2   2845     3       0        3     6     9      4      1      0     8       1     0     1     4     8     4     18      1       1     6     1     16     4    10    45       4     0     4     2
five             6     2     3     3     3     1      4  2990      21        1    45     8      1      4      2     7       1     9     1     8    14     6     26     10       1     2     4      9     1     4    38       0     2     0     3
follow           0     1     0     2     0     2      2    34    1050       33    58    11      0      7      0     0       2     0     0     2    12     3      1      9       2     0     2      9     2     5    21       1     1     0     3
forward          1     0     2     0     0     2      1     6      44     1031   109     5      3      3      1     1       2     0     1     2     0     4      2     11       0     1     0      5     0     1    17       1     0     0     0
four             0     0     5     1     3     1      3    16      23       62  2710    17      1      3      1     3       1     0     1    15    10     8      1     12       3     1     3     11     0    12    21       2     3     1     1
go               2    10     9     7    20    48      5     2       9        3    15  2772      0      0      5     1       1     7    43     4    11    12      9      1       1     2     3      9     0    38    43       3     6     1     4
happy            3     3     0    16     0     0      5     2       0        0     3     3   1527     26      0     0       1     1     1     0     2     1      3      2       2     2     0      2     2     1    24       0     0     0     0
house            0     0     1     0     1     0      9     3       3        0     1     4     15   1634      1     2       0     0     0    14     2     0      4      1       1     2     1      0     1     0    19       0     0     8     0
learn            1     6     7     0     1     5      5     1       1        0     6    13      1      0   1071    24       5    25    22     1     9    30     16      2       0     1     1      5     0     1    13       2     1     7     3
left             2     3     2     0     0     5      6     2       0        0     5     5      1      0     32  2824       1     3     8    10     3    12     36      0       0     2     1      3     0     5    41       2     7    15     1
marvin           3     3     9     1     0     0      2     0       1        4     1     3      7      1      4     3    1574    17     6     5     2    18      7      4       0     1     1      3     0     0    20       1     8     1     0
nine             4     5     6     2     4    16      6     8       0        0     2     5      1      1     12     4      14  2904    70     0    10    42     22      2       0     1     0      1     0     4    16       3     3     1     1
no               1     6     0     0     8    31      1     1       4        2     2    59      3      1     14     6       6    39  2834     7     8    19      8      1       1     1     3      1     0     6    27       2    18     7     3
off              0     2     0     1     0     1      6     6       4        3     7     9      1     12      0     8       0     0     2  2702    72     4      2      0       1     2     5      1     2     7   104       1     1     4     0
on               1     2     2     1     2    10      9    14      15        2    12    15      0      9      1     2       3     7     3    66  2790    41      6      2       0     0     3      6     2     5    55       0     0     0     0
one              0     1     3     0     1     2      8    11       1        0     8    12      1      2      6     9      12    18    14     3    43  2877     24      3       1     0     0      2     1     2    37       1    35     2     0
right            2     3     6     4     2     1     10    18       0        0     6     6      1      4      2    12       2     6     1     3     2    22   2858      0       0     0     0      7     2     3    29       1     4     1     1
seven            1     4     1     2     0     2      5     4       1        3    12     0      2      0      0     1       1     1     0     0     1     1      1   3070       9    14    19     12     2     8    19       1     1     0     7
sheila           0     0     0     0     0     0      3     2       0        2     5     1      1      1      0     0       0     0     1     0     1     0      0     12    1541     4     2      5     4     4    10       1     0     0     6
six              0     4     0     0     0     2      3     1       0        0    14     2      0      0      0     3       0     0     0     2     1     1      0     56       5  2938    10      7     4     9    17       1     0     3     5
stop             0     0     0     4     2     3      4     3       1        0     8     5      1      1      0     2       0     0     0     1     0     2      1     33       1     9  2973      5     2    11    34       3     0     1     1
three            0     1     4     1     1     3      6     2       5        0    24     5      4      0      0     2       0     4     1     1     2     4     10     16       2     6     4   2730    58    33    31       4     0     0     2
tree             0     1     1     4     0     2      4     0       0        0     4     2      0      2      1     0       0     0     1     4     0     2      3      1       7     4     1    138  1165    28    29       1     0     0     2
two              0     1     1    11     4     3      8     0       1        0    14    22      0      0      1     0       0     1     3     4     5     5      1      7      13     5     2     28    20  2890    46       0     0     1    14
up               5     3     2    11     3     0     22     4       1        0     8     9     12     11      3     4       1     0     1    45    14     1      6      0       1     3    14      6     2     8  2747       0     0     1     0
visual           2     5     2     0     1     2      6     1       1        0     0     3      0      0      1     3       0     2     6     1     0     5      5      1       4     0     1      6     0     3    13    1198     0     5    11
wow              1     3     2     1     1     5      2     5       6        1     2    15      0      2      1     6       3     4    14     2     9    70      6      0       0     0     1      2     0     1    18       1  1538     2     0
yes              0     6     3     5     0     2      7     0       0        0     4     4      0      4      2    16       0     2     8     6     2     7      1      1       1     4     3      1     0     5    24       8     2  3096     4
zero             0     1     3     0     1     4      4     1       3        2    12     7      1      0      4     3       1     1     5     0     0     4      0     32      25    12     1      9     1    16    13       8     1     4  3071
--------------------------------------------------------------------------------
test accuracy: 0.919186476219114, test loss: 0.2619042790987912
--------------------------------------------------------------------------------

test the val dataset
the val dataset confusion matrix:
LOCAL_RANK: 0 - CUDA_VISIBLE_DEVICES: [0]
          backward  bed  bird  cat  dog  down  eight  five  follow  forward  four   go  happy  house  learn  left  marvin  nine   no  off   on  one  right  seven  sheila  six  stop  three  tree  two   up  visual  wow  yes  zero
backward       143    5     1    0    0     0      0     1       0        0     0    0      0      0      0     0       0     0    0    0    0    0      1      0       0    1     0      0     0    0    1       0    0    0     0
bed              1  206     1    0    0     0      3     1       0        0     0    0      0      0      0     0       0     0    0    0    0    0      0      0       0    1     0      0     0    0    0       0    0    0     0
bird             0    5   172    0    0     1      0     0       0        0     0    0      0      0      0     0       1     1    0    0    0    0      0      0       0    0     0      0     0    1    0       0    0    1     0
cat              0    0     0  178    0     0      0     0       0        0     0    0      0      0      0     0       0     0    0    0    0    0      0      1       0    0     0      0     0    0    0       0    0    1     0
dog              0    0     2    0  189     2      0     0       0        1     0    1      0      0      0     0       0     0    1    0    0    0      0      0       0    0     0      0     0    0    1       0    0    0     0
down             0    1     0    0    3   359      0     0       0        0     0    5      0      0      0     0       1     0    7    0    0    0      0      0       0    0     1      0     0    0    0       0    0    0     0
eight            0    1     0    0    0     0    340     1       0        0     0    0      0      1      0     0       0     0    0    0    0    0      1      0       0    0     0      1     0    0    0       0    0    0     1
five             0    0     1    0    0     0      0   357       4        0     0    0      0      0      0     0       1     0    0    1    1    0      1      0       0    0     0      0     0    0    1       0    0    0     0
follow           0    0     0    0    0     0      0     2     126        1     3    0      0      0      0     0       0     0    0    0    0    0      0      0       0    0     0      0     0    0    0       0    0    0     0
forward          0    0     0    0    0     0      0     0       1      132    13    0      0      0      0     0       0     0    0    0    0    0      0      0       0    0     0      0     0    0    0       0    0    0     0
four             0    0     0    0    0     0      0     0       2        3   366    0      0      0      0     0       0     0    0    0    0    0      0      0       0    0     0      0     1    1    0       0    0    0     0
go               0    1     0    2    0     4      0     0       0        0     1  358      0      0      0     0       0     1    1    1    0    0      0      0       0    0     0      0     0    1    1       0    1    0     0
happy            0    0     0    0    0     0      0     0       0        0     0    0    209      2      0     0       0     0    0    0    0    0      0      2       0    0     1      1     0    0    4       0    0    0     0
house            0    0     0    0    0     0      0     0       1        0     0    1      1    190      0     0       0     0    0    1    0    0      0      0       0    0     0      0     0    0    1       0    0    0     0
learn            0    0     1    0    0     0      0     0       0        0     0    0      0      0    117     4       0     2    1    0    0    0      1      0       1    0     0      0     0    0    0       0    0    1     0
left             0    0     0    0    0     0      0     0       0        0     0    0      0      0      2   344       0     0    0    0    0    0      1      0       0    0     0      0     0    0    1       0    1    2     1
marvin           0    0     1    0    1     0      0     0       0        0     0    0      1      0      1     1     187     1    0    0    0    0      0      0       0    0     1      0     0    0    1       0    0    0     0
nine             1    0     0    0    0     0      0     1       0        0     0    0      0      0      0     0       1   350    0    0    0    1      2      0       0    0     0      0     0    0    0       0    0    0     0
no               0    0     1    0    1     1      0     1       0        0     1    9      0      0      1     0       0     0  386    0    0    0      0      0       0    0     0      0     0    1    4       0    0    0     0
off              0    0     0    0    0     0      1     0       0        0     1    2      0      0      0     0       0     0    0  350    2    1      0      0       0    0     0      0     0    0   16       0    0    0     0
on               0    0     0    0    0     0      1     1       0        0     5    0      0      0      0     0       0     0    0    4  346    1      0      0       0    0     0      0     0    0    5       0    0    0     0
one              1    0     0    0    1     0      0     0       1        0     1    0      0      0      1     2       0     0    0    0    1  340      0      0       0    1     0      1     0    0    0       0    1    0     0
right            0    0     1    0    0     0      0     1       0        0     0    0      0      0      0     1       0     0    0    0    0    0    359      0       0    0     0      0     0    0    1       0    0    0     0
seven            0    1     1    0    0     0      0     0       0        0     0    1      1      0      1     0       0     0    0    0    0    0      0    378       0    2     2      0     0    0    0       0    0    0     0
sheila           0    0     0    0    0     0      0     0       0        0     0    1      1      0      0     0       0     0    0    0    0    0      0      2     196    0     0      1     0    2    0       0    0    0     1
six              0    0     0    0    0     0      0     0       0        0     0    0      0      0      0     0       0     0    0    0    0    0      0      2       1  369     1      2     0    1    0       0    0    0     2
stop             0    0     0    0    0     0      0     0       0        0     0    0      0      0      0     0       0     0    0    1    0    0      0      1       0    0   345      0     0    0    3       0    0    0     0
three            0    0     1    0    0     0      0     0       0        0     0    0      1      0      0     0       0     0    0    0    0    0      0      0       0    2     0    340    10    2    0       0    0    0     0
tree             0    0     0    0    0     0      0     0       0        0     0    0      0      0      0     0       0     0    0    0    0    0      0      0       0    0     0     11   148    0    0       0    0    0     0
two              0    0     0    0    0     0      1     0       0        0     1    4      0      0      0     0       0     0    0    0    0    0      0      0       0    0     0      0     1  338    0       0    0    0     0
up               0    0     0    0    0     0      2     1       0        0     0    1      0      2      0     3       0     0    0    3    0    1      0      0       0    0     1      0     0    0  336       0    0    0     0
visual           0    1     0    0    0     1      0     0       0        0     0    1      0      0      0     0       0     0    1    0    0    0      0      0       0    0     1      2     0    0    0     132    0    0     0
wow              0    0     0    0    0     0      0     0       0        1     0    1      0      0      0     0       0     0    0    0    0    5      0      0       0    0     0      0     0    0    0       0  185    0     1
yes              0    1     0    1    0     0      0     0       0        0     0    0      0      0      0     0       0     0    0    0    0    0      1      0       0    1     0      0     0    0    0       1    0  392     0
zero             0    0     0    0    0     0      0     0       0        0     0    0      0      0      0     0       0     0    0    0    0    0      1      0       1    1     0      0     0    1    1       2    0    0   377
--------------------------------------------------------------------------------
test accuracy: 0.9658333330582349, test loss: 0.11673508112868056
--------------------------------------------------------------------------------

test the test dataset
the test dataset confusion matrix:
LOCAL_RANK: 0 - CUDA_VISIBLE_DEVICES: [0]
          backward  bed  bird  cat  dog  down  eight  five  follow  forward  four   go  happy  house  learn  left  marvin  nine   no  off   on  one  right  seven  sheila  six  stop  three  tree  two   up  visual  wow  yes  zero
backward       161    1     0    0    0     0      0     0       0        0     0    0      0      0      0     0       0     0    0    0    0    1      0      0       0    0     0      0     0    0    0       1    0    0     1
bed              2  185     2    1    1     1      3     0       0        0     0    0      0      0      0     2       0     0    2    0    0    0      3      1       0    2     0      0     0    0    1       1    0    0     0
bird             1    2   176    0    0     0      0     1       0        0     1    1      0      0      0     1       0     0    0    1    0    0      0      0       0    0     0      0     0    0    0       0    0    1     0
cat              0    2     0  187    0     1      0     0       1        0     0    1      0      0      0     0       0     0    0    0    0    0      1      0       0    0     0      0     0    0    1       0    0    0     0
dog              0    1     1    0  208     1      1     0       0        0     1    3      0      0      0     0       0     0    1    0    0    0      1      0       0    0     0      0     0    0    2       0    0    0     0
down             1    1     0    0    2   387      0     0       0        0     0    6      0      0      0     0       0     2    6    1    0    0      0      0       0    0     0      0     0    0    0       0    0    0     0
eight            0    0     0    0    0     0    398     0       0        0     2    0      0      0      0     0       1     0    3    0    0    0      0      0       0    1     0      0     0    1    0       1    0    1     0
five             1    0     0    0    0     0      0   435       1        0     0    0      0      0      0     1       0     0    0    0    1    1      1      0       0    0     0      2     0    0    1       0    1    0     0
follow           0    0     0    0    0     0      0     2     157        4     4    1      0      1      0     0       0     0    0    0    0    1      1      0       0    0     0      1     0    0    0       0    0    0     0
forward          0    0     0    0    0     0      0     0       3      138    13    0      0      0      0     0       0     0    0    0    0    0      0      0       0    0     0      0     0    0    1       0    0    0     0
four             0    0     0    0    0     0      0     0       4        1   392    1      0      0      0     0       0     0    0    0    0    0      0      0       0    0     0      1     0    1    0       0    0    0     0
go               0    0     0    1    0     1      0     0       0        0     0  389      0      0      1     1       0     0    3    1    0    0      0      0       0    0     0      0     0    1    4       0    0    0     0
happy            0    0     0    3    0     0      0     1       0        0     0    0    194      0      0     0       0     0    0    0    0    0      0      0       0    1     0      0     0    0    2       1    0    1     0
house            0    0     0    0    0     0      0     0       0        0     0    0      0    186      0     0       0     0    1    2    0    0      1      0       0    0     0      0     0    0    1       0    0    0     0
learn            0    0     3    0    0     1      0     0       0        0     2    0      0      0    144     5       0     0    1    0    0    0      2      0       1    0     0      0     0    0    1       0    0    1     0
left             0    0     0    0    0     0      0     0       0        0     0    0      0      0      2   405       0     0    0    1    0    0      0      0       0    0     0      0     0    1    0       1    0    2     0
marvin           1    0     0    0    0     0      0     0       0        0     0    0      0      0      1     0     190     0    0    0    0    1      0      0       0    0     0      0     0    0    1       0    0    1     0
nine             0    0     0    0    0     0      0     4       0        0     0    0      0      0      2     1       0   396    4    0    0    0      1      0       0    0     0      0     0    0    0       0    0    0     0
no               0    0     0    0    2     2      0     0       0        0     0    4      0      0      0     1       0     1  395    0    0    0      0      0       0    0     0      0     0    0    0       0    0    0     0
off              0    0     0    1    0     0      0     0       0        0     0    0      0      5      0     0       1     0    0  389    2    0      0      0       0    0     0      0     0    0    3       0    0    1     0
on               0    0     0    0    0     4      0     2       0        0     0    0      0      0      0     0       0     0    0    6  378    4      0      0       0    0     0      0     0    0    2       0    0    0     0
one              0    0     1    0    0     1      0     2       1        1     1    0      0      0      0     0       1     0    1    0    3  380      2      0       0    0     0      0     0    0    1       0    3    1     0
right            0    1     0    0    0     0      0     1       0        0     0    0      0      0      0     1       0     1    0    0    0    0    391      0       0    0     0      0     0    0    0       0    0    1     0
seven            0    1     0    0    0     0      0     0       0        0     0    0      0      0      0     0       0     0    0    0    0    0      0    400       0    2     2      0     0    0    0       0    0    0     1
sheila           0    1     0    0    0     0      1     0       0        0     0    0      0      0      0     0       0     0    0    0    0    0      0      2     205    0     0      1     0    1    1       0    0    0     0
six              0    0     0    0    0     0      0     0       0        0     0    0      0      0      0     0       0     1    0    0    0    0      0      2       2  387     0      0     0    1    1       0    0    0     0
stop             0    0     0    0    0     0      0     0       0        0     0    0      0      0      0     0       0     0    0    0    0    0      0      1       0    0   408      1     0    0    0       0    1    0     0
three            0    1     0    0    0     0      2     0       0        0     0    0      0      0      0     0       0     0    0    0    0    0      0      0       0    0     0    393     8    1    0       0    0    0     0
tree             0    0     0    0    0     0      0     0       0        0     0    1      2      0      0     0       0     0    0    0    0    1      0      0       0    0     0     18   167    2    1       1    0    0     0
two              0    0     0    0    2     1      0     0       0        0     0    6      0      0      0     0       0     0    0    0    0    0      0      0       1    0     0      3     0  409    1       0    0    0     1
up               0    0     0    2    0     0      1     0       1        0     0    1      1      2      0     0       0     0    0    2    3    1      0      0       0    0     1      0     0    1  409       0    0    0     0
visual           0    0     0    0    0     0      0     0       0        0     0    0      0      0      1     0       0     0    0    0    0    0      0      0       0    1     0      0     0    0    0     162    0    0     1
wow              0    0     1    0    0     0      0     0       1        0     1    3      0      0      0     1       0     0    2    0    0    3      0      0       0    0     0      0     0    0    0       0  194    0     0
yes              1    0     0    0    0     0      0     0       0        0     0    0      0      0      0     0       0     0    0    0    0    0      0      0       0    0     0      0     0    0    0       0    0  418     0
zero             0    0     0    0    0     0      0     0       0        0     0    1      0      0      0     0       0     0    2    0    0    0      0      3       3    1     0      2     0    3    1       3    0    0   399
--------------------------------------------------------------------------------
test accuracy: 0.9642921512903169, test loss: 0.11468176145971547
--------------------------------------------------------------------------------